lista=[0:1/99:1]